A    C    D    E    F    G    H    I    K    L    M    N    P    Q    R    S    T    V    W    X    Y    Z    geneid                                                                
-28  -8   -381 -19  -19  -11  -8   -5   -10  -17  -7   -13  -10  -11  -7   -10  -27  -8   -33  -77  -9   -38  LenriettiiLEM3045_LenLEM3045_36_95                                    
-23  -8   -432 -22  -29  -11  -9   -6   -9   -14  -5   -10  -10  -12  -9   -9   -22  -7   -33  -6   -311 -37  PconfusumCUL13_Pcon_scaffold00007_2_43                                
-25  -8   -329 -18  -25  -7   -2   -8   -14  -13  -9   -20  -8   -10  -12  -11  -21  -7   -32  -90  -329 -42  PconfusumCUL13_Pcon_scaffold00007_3_45                                
-23  -8   -401 -23  -24  -6   -8   -4   -11  -17  -7   -15  -7   -10  -6   -9   -17  -5   -31  -62  -266 -36  TbruceiTREU927_Tb927_11_bin_v5.1_73                                   
-20  -8   -360 -22  -25  -10  -6   -6   -10  -12  -7   -15  -9   -10  -8   -9   -26  -8   -29  -72  -284 -37  TbruceiTREU927_Tb927_11_bin_v5.1_74                                   
-26  -11  -411 -24  -33  -8   -8   -9   -14  -9   -8   -17  -9   -15  -10  -10  -30  -7   -43  -84  -354 -45  TbruceiTREU927_Tb927_11_bin_v5.1_75                                   
-18  -9   -432 -21  -33  -12  -8   -8   -14  -17  -8   -16  -8   -13  -8   -11  -25  -9   -37  -66  -266 -35  TbruceiTREU927_Tb927_11_bin_v5.1_76                                   
-20  -8   -381 -20  -24  -8   -7   -6   -8   -17  -5   -14  -9   -12  -10  -9   -24  -7   -29  -63  -240 -36  TcruziCLBrener_Tcruzi_11019_2                                         
-34  -8   -411 -23  -27  -10  -8   -7   -13  -17  -8   -16  -10  -11  -9   -8   -25  -8   -42  -77  -302 -29  TcruziCLBrener_Tcruzi_20084_17                                        
-20  -5   -370 -18  -25  -8   -7   -4   -9   -19  -8   -15  -8   -9   -7   -9   -18  -8   -33  -59  -275 -34  TcruziCLBrener_Tcruzi_22215_21                                        
-16  -8   -370 -18  -25  -9   -7   -5   -9   -16  -5   -15  -8   -13  -8   -11  -19  -6   -40  -54  -293 -32  TcruziCLBrener_Tcruzi_22215_22                                        
-10  -10  -360 -18  -27  -7   -7   -6   -11  -16  -7   -18  -8   -14  -9   -10  -19  -6   -39  -79  -311 -36  TcruziCLBrener_Tcruzi_22215_23                                        
-18  -7   -401 -19  -24  -9   -6   -6   -12  -13  -9   -18  -8   -12  -7   -7   -24  -8   -27  -77  -240 -39  TcruziCLBrener_Tcruzi_22215_24                                        
-21  -10  -411 -25  -33  -9   -7   -8   -14  -15  -9   -17  -7   -14  -11  -9   -19  -8   -39  -89  -382 -38  TcruziCLBrener_Tcruzi_22215_25                                        
-19  -10  -257 -14  -24  -1   -6   -6   -12  -16  -8   -18  -5   -10  -10  -11  -20  -2   -37  -88  -346 -40  TcruziCLBrenerNon-Esmeraldo-like_TcChr21-P_8                          
-23  -9   -381 -21  -24  -8   -6   -6   -11  -17  -7   -17  -9   -14  -9   -11  -20  -7   -34  -92  -266 -34  TcruziEsmeraldo_ANOX01006378.1_11                                     
-19  -10  -257 -14  -24  -1   -6   -6   -12  -16  -8   -18  -5   -10  -10  -11  -20  -2   -37  -88  -346 -40  TcruziEsmeraldo_KB205213.1_31                                         
-19  -10  -257 -14  -24  -1   -6   -6   -12  -16  -8   -18  -5   -10  -10  -11  -20  -2   -37  -88  -346 -40  TcruziEsmeraldo_KB205435.1_59                                         
-19  -10  -257 -14  -24  -1   -6   -6   -12  -16  -8   -18  -5   -10  -10  -11  -20  -2   -37  -88  -346 -40  TcruziEsmeraldo_KB205928.1_89                                         
-32  -11  -319 -18  -25  -8   -7   -8   -14  -14  -9   -14  -9   -9   -7   -10  -27  -7   -51  -77  -284 -35  TcruziJRcl4_AODP01003975.1_2                                          
-21  -7   -411 -20  -20  -8   -8   0    -9   -16  -4   -14  -9   -9   -6   -9   -18  -5   -30  -68  -231 -34  TcruziJRcl4_AODP01004654.1_4                                          
-26  -9   -10  -10  -29  -5   -7   -8   -13  -18  -11  -16  -6   -11  -12  -10  -23  -5   -47  -90  -320 -41  TcruziSylvioX10-1_TcX10_chr15_18                                      
-19  -10  -257 -14  -24  -1   -6   -6   -12  -16  -8   -18  -5   -10  -10  -11  -20  -2   -37  -88  -346 -40  TcruziTulacl2_KB851446.1_107                                          
-21  -8   -360 -18  -20  -10  -6   -6   -8   -15  -7   -13  -10  -10  -6   -8   -20  -7   -33  -81  -257 -31  TvivaxY486_TvY486_bin_archived_contig_1183_36                         
-36  -9   -329 -17  -28  -8   -6   -8   -14  -13  -10  -19  -9   -10  -14  -13  -31  -6   -45  -91  -373 -38  TvivaxY486_TvY486_bin_archived_contig_3413_48                         
-21  -8   -360 -18  -20  -10  -6   -6   -8   -15  -7   -13  -10  -10  -6   -8   -20  -7   -33  -81  -257 -31  TvivaxY486_TvY486_bin_archived_contig_3413_51                         
-27  -8   -360 -21  -27  -11  -9   -6   -10  -18  -8   -11  -10  -12  -7   -10  -24  -8   -42  -62  -275 -37  TvivaxY486_TvY486_bin_archived_contig_4539_66                         
-26  -11  -236 -9   -32  -5   -6   -8   -13  -14  -11  -18  -6   -9   -11  -9   -31  -6   -49  -99  -364 -41  TvivaxY486_TvY486_bin_archived_contig_4539_67                         
-22  -6   -411 -19  -6   -9   -5   -5   -11  -11  -7   -13  -9   -12  -8   -9   -21  -7   -30  -73  -222 -33  TvivaxY486_TvY486_bin_archived_contig_7832_92                         
-24  -7   -411 -17  -5   -8   -4   -5   -11  -11  -7   -14  -10  -11  -9   -9   -24  -7   -32  -77  -231 -34  TvivaxY486_TvY486_bin_archived_contig_7832_95                         
