A    C    D    E    F    G    H    I    K    L    M    N    P    Q    R    S    T    V    W    X    Y    Z    geneid                                                                
-176 -124 -175 -153 -104 -169 -148 -106 -135 -173 -131 -143 -177 -151 -110 -145 -159 -139 -118 -157 -8   -168 LenriettiiLEM3045_LenLEM3045_36_95                                    
-150 -129 -199 -175 -160 -175 -174 -123 -121 -145 -95  -106 -180 -155 -130 -127 -134 -131 -118 -18  -156 -160 PconfusumCUL13_Pcon_scaffold00007_2_43                                
-161 -123 -152 -147 -134 -113 -40  -153 -181 -136 -156 -207 -144 -139 -174 -160 -128 -125 -114 -182 -165 -184 PconfusumCUL13_Pcon_scaffold00007_3_45                                
-148 -123 -185 -182 -133 -110 -155 -81  -142 -174 -126 -156 -132 -137 -94  -131 -110 -105 -109 -126 -135 -156 TbruceiTREU927_Tb927_11_bin_v5.1_73                                   
-133 -128 -166 -171 -137 -155 -122 -120 -130 -129 -128 -156 -153 -136 -126 -127 -155 -138 -105 -147 -143 -162 TbruceiTREU927_Tb927_11_bin_v5.1_74                                   
-169 -176 -189 -191 -177 -138 -157 -167 -175 -104 -142 -183 -156 -191 -150 -148 -173 -123 -150 -170 -178 -197 TbruceiTREU927_Tb927_11_bin_v5.1_75                                   
-121 -148 -199 -166 -176 -186 -151 -147 -173 -173 -148 -174 -139 -168 -118 -159 -148 -151 -129 -134 -135 -154 TbruceiTREU927_Tb927_11_bin_v5.1_76                                   
-132 -129 -175 -162 -133 -133 -145 -116 -108 -172 -102 -149 -167 -160 -142 -132 -142 -123 -102 -130 -122 -157 TcruziCLBrener_Tcruzi_11019_2                                         
-212 -122 -189 -179 -147 -158 -152 -129 -170 -169 -146 -167 -176 -147 -140 -116 -150 -149 -146 -156 -152 -127 TcruziCLBrener_Tcruzi_20084_17                                        
-131 -86  -171 -146 -135 -134 -145 -93  -115 -193 -143 -163 -144 -122 -107 -126 -114 -142 -116 -121 -139 -148 TcruziCLBrener_Tcruzi_22215_21                                        
-106 -124 -171 -146 -138 -146 -137 -103 -118 -159 -103 -161 -146 -170 -124 -151 -120 -115 -138 -112 -148 -143 TcruziCLBrener_Tcruzi_22215_22                                        
-73  -159 -166 -144 -146 -127 -130 -127 -147 -166 -137 -190 -144 -187 -129 -140 -118 -119 -136 -161 -156 -158 TcruziCLBrener_Tcruzi_22215_23                                        
-122 -119 -185 -151 -133 -149 -117 -124 -149 -133 -162 -186 -144 -161 -105 -113 -145 -147 -97  -156 -122 -170 TcruziCLBrener_Tcruzi_22215_24                                        
-135 -156 -189 -195 -177 -143 -142 -160 -174 -154 -162 -177 -132 -181 -155 -136 -116 -147 -136 -179 -191 -165 TcruziCLBrener_Tcruzi_22215_25                                        
-124 -153 -119 -114 -129 -31  -114 -118 -149 -168 -143 -191 -97  -140 -145 -162 -125 -58  -129 -179 -174 -174 TcruziCLBrenerNon-Esmeraldo-like_TcChr21-P_8                          
-151 -140 -175 -169 -130 -140 -115 -120 -140 -170 -122 -178 -163 -179 -139 -155 -121 -127 -121 -186 -135 -151 TcruziEsmeraldo_ANOX01006378.1_11                                     
-124 -153 -119 -114 -129 -31  -114 -118 -149 -168 -143 -191 -97  -140 -145 -162 -125 -58  -129 -179 -174 -174 TcruziEsmeraldo_KB205213.1_31                                         
-124 -153 -119 -114 -129 -31  -114 -118 -149 -168 -143 -191 -97  -140 -145 -162 -125 -58  -129 -179 -174 -174 TcruziEsmeraldo_KB205435.1_59                                         
-124 -153 -119 -114 -129 -31  -114 -118 -149 -168 -143 -191 -97  -140 -145 -162 -125 -58  -129 -179 -174 -174 TcruziEsmeraldo_KB205928.1_89                                         
-200 -169 -147 -145 -138 -133 -133 -148 -176 -150 -157 -151 -159 -125 -110 -144 -158 -128 -176 -157 -143 -155 TcruziJRcl4_AODP01003975.1_2                                          
-136 -105 -189 -160 -107 -137 -153 -15  -115 -160 -86  -151 -160 -119 -103 -131 -113 -107 -107 -138 -117 -152 TcruziJRcl4_AODP01004654.1_4                                          
-167 -137 -7   -90  -159 -95  -131 -159 -162 -184 -193 -174 -118 -141 -170 -145 -140 -99  -161 -182 -161 -177 TcruziSylvioX10-1_TcX10_chr15_18                                      
-124 -153 -119 -114 -129 -31  -114 -118 -149 -168 -143 -191 -97  -140 -145 -162 -125 -58  -129 -179 -174 -174 TcruziTulacl2_KB851446.1_107                                          
-140 -129 -166 -148 -109 -158 -123 -115 -110 -151 -133 -141 -174 -132 -94  -125 -121 -130 -115 -164 -130 -139 TvivaxY486_TvY486_bin_archived_contig_1183_36                         
-226 -137 -152 -140 -152 -135 -123 -155 -183 -140 -184 -197 -157 -136 -192 -179 -181 -121 -155 -184 -187 -165 TvivaxY486_TvY486_bin_archived_contig_3413_48                         
-140 -129 -166 -148 -109 -158 -123 -115 -110 -151 -133 -141 -174 -132 -94  -125 -121 -130 -115 -164 -130 -139 TvivaxY486_TvY486_bin_archived_contig_3413_51                         
-171 -124 -166 -168 -149 -177 -183 -125 -125 -185 -138 -118 -175 -157 -106 -145 -144 -144 -145 -127 -139 -160 TvivaxY486_TvY486_bin_archived_contig_4539_66                         
-166 -167 -110 -77  -173 -93  -128 -146 -170 -142 -191 -194 -117 -119 -156 -138 -180 -109 -170 -200 -183 -179 TvivaxY486_TvY486_bin_archived_contig_4539_67                         
-143 -104 -189 -150 -36  -149 -98  -107 -141 -119 -132 -143 -166 -156 -119 -127 -129 -129 -107 -147 -113 -147 TvivaxY486_TvY486_bin_archived_contig_7832_92                         
-154 -107 -189 -140 -31  -138 -90  -112 -147 -121 -137 -149 -170 -151 -135 -134 -145 -130 -112 -156 -117 -151 TvivaxY486_TvY486_bin_archived_contig_7832_95                         
